14 15 13 14 13
15 12 11 18 17
13 13 13 14 15
83 12 75 24 24
86 11 81 76 73
86 11 51 1 23
93 57 43 71 74
90 2 7 21 65
25 38 50 14 4
44 53 16 77 7
19 24 42 15 93
68 48 49 12 39
30 56 53 58 18
38 72 82 50 34
28 94 31 44 60
7 98 2 9 94
64 41 71 47 32
24 61 24 18 68
65 87 75 91 19
27 70 15 4 8
57 41 22 98 64
83 14 24 80 26
11 33 84 68 13
79 13 60 76 22
4 98 94 43 80
53 86 65 60 20
78 100 81 73 31
89 76 60 64 73
83 76 37 49 74
65 29 96 84 89
30 11 89 56 7
42 66 70 17 76
67 96 86 77 93
53 48 50 44 70
74 13 47 56 100
33 61 42 83 96
82 22 15 43 10
20 28 6 61 20
10 32 100 51 69
45 99 82 27 34
68 42 92 29 50
83 13 6 66 34
92 25 18 16 55
38 95 29 29 9
32 25 88 9 55
18 45 30 16 34
26 97 3 27 50
53 51 84 50 32
28 9 82 20 13
70 38 87 63 20
98 80 88 16 15
18 19 60 56 9
31 71 67 99 66
41 93 9 44 63
89 75 16 92 35
70 26 32 20 83
22 87 39 28 12
6 79 45 5 33
52 82 9 24 72
68 60 60 47 1
98 5 4 67 18
6 45 80 90 90
53 58 9 88 5
65 25 49 9 40
80 58 71 33 21
74 91 36 82 57
25 92 56 69 37
79 49 63 54 49
13 49 25 80 48
75 62 67 27 15
23 24 37 46 63
33 12 12 46 38
84 31 52 27 3
31 59 85 13 12
57 87 78 52 20
17 18 62 95 13
53 80 46 88 59
73 62 40 33 74
88 79 9 10 2
74 62 7 42 27
8 8 25 10 38
27 23 9 92 91
5 27 15 35 66
30 23 44 51 64
9 73 65 35 25
51 69 53 2 26
89 86 83 27 52
38 92 75 80 99
2 66 39 25 66
16 4 12 57 54
94 2 76 68 61
82 26 69 87 4
90 31 38 78 17
57 41 42 9 11
44 100 31 49 60
71 66 67 42 3
84 63 71 74 73
95 24 67 89 44
50 18 11 71 24
54 76 3 16 7
32 28 60 28 91
70 50 84 14 81
70 39 49 91 46
79 80 70 66 12
57 17 93 77 17
45 15 71 84 80
13 79 82 28 42
35 51 80 36 5
19 61 34 96 23
23 63 11 55 86
67 99 92 23 68
11 67 61 76 90
90 37 84 92 83
29 36 45 35 32
61 58 61 19 52
17 67 66 50 44
91 14 7 21 82
90 78 73 66 71
73 69 2 13 65
31 66 90 85 13
94 33 87 91 63
83 71 48 96 29
83 43 59 3 94
38 4 10 9 34
21 8 71 40 47
12 8 36 39 16
32 4 65 55 57
68 85 22 6 39
55 75 86 88 69
79 73 46 94 72
92 56 49 47 66
41 45 30 77 99
84 90 87 14 15
35 59 72 100 52
71 11 7 100 35
51 5 84 18 44
11 19 43 13 73
77 55 42 10 28
89 68 86 40 25
79 97 31 69 77
52 99 41 20 77
60 87 51 92 34
2 37 3 64 94
7 58 28 96 17
40 57 74 38 76
39 18 3 55 2
75 73 24 1 64
58 77 40 12 65
30 56 66 29 80
42 26 52 7 46
87 44 63 1 14
98 56 37 6 93
60 97 50 37 41
41 80 20 46 51
32 90 90 89 48
64 71 53 65 88
70 19 50 35 28
1 35 84 2 65
61 95 36 98 44
68 70 48 33 7
77 1 17 71 53
56 54 86 99 21
92 5 28 45 79
44 74 64 83 88
31 60 87 87 36
76 62 84 16 92
63 19 57 27 53
79 6 14 19 78
42 71 99 13 43
38 64 90 66 86
16 90 35 44 84
86 100 35 89 87
95 92 11 64 27
24 6 33 78 73
78 26 36 50 31
78 83 53 27 96
60 32 80 17 77
12 57 80 59 40
91 34 58 9 47
82 22 84 30 8
36 21 33 84 74
38 10 14 87 59
23 55 99 21 98
90 97 72 72 92
34 14 18 37 69
85 44 16 67 59
88 33 57 52 83
9 76 40 78 58
40 35 8 63 20
5 9 14 77 45
94 47 40 45 68
24 29 35 39 84
74 98 28 20 93
8 96 97 81 55
98 91 98 97 98
88 82 97 71 42
67 94 56 78 46
14 23 11 50 91
66 68 82 45 82
69 63 12 68 11
90 47 21 85 88
70 81 97 38 67
55 53 95 27 56
47 80 64 78 1
79 62 95 89 56
34 94 36 36 93
63 53 22 41 57
40 14 76 41 64
60 86 81 46 98
1 56 22 93 31
12 51 9 31 24
39 79 99 28 92
15 93 77 61 94
52 33 47 89 18
94 63 16 15 85
100 15 47 19 81
94 83 19 69 4
98 55 77 64 35
60 98 45 71 6
72 41 96 1 10
65 97 88 75 23
48 19 20 100 73
72 26 14 81 10
51 35 4 18 100
10 62 82 66 13
56 42 34 92 13
96 17 65 63 71
79 33 68 52 30
70 4 9 75 10
45 9 45 82 35
11 17 10 27 38
96 48 26 46 22
99 72 36 76 58
39 32 29 21 23
98 38 95 71 21
70 97 93 24 86
66 94 97 74 47
51 84 40 81 36
76 90 37 72 84
82 83 97 61 11
26 22 90 71 75
86 68 100 80 3
79 96 47 18 4
100 27 33 29 37
89 54 21 56 39
38 25 16 21 54
55 19 57 36 77
83 25 5 38 84
18 82 46 49 24
33 60 30 11 73
91 81 88 93 74
9 6 25 5 6
28 37 55 43 13
29 85 4 30 61
55 48 32 30 13
6 10 70 89 10
57 69 43 14 65
40 53 41 89 45
45 28 31 50 99
84 27 62 63 59
82 69 39 50 66
12 85 82 16 74
19 22 41 45 6
69 53 31 16 16
89 78 1 34 67
10 65 41 91 54
72 88 16 50 78
23 51 83 12 11
35 99 74 51 98
19 15 97 87 47
82 97 93 61 62
59 79 12 24 84
52 57 55 86 72
75 92 99 80 64
63 11 63 16 42
21 89 5 21 4
80 11 34 22 85
61 86 48 84 96
51 87 79 48 35
35 100 88 65 82
100 33 91 59 71
66 48 87 30 79
90 80 16 23 26
25 44 70 83 5
41 47 84 27 3
98 58 33 53 81
82 79 16 100 58
47 3 75 78 47
28 7 41 3 22
67 73 19 70 81
43 46 15 59 94
86 77 77 79 75
29 59 57 32 59
69 82 55 80 78
53 31 47 91 34
35 30 68 91 12
20 9 40 47 77
75 49 6 8 40
2 55 32 69 7
87 82 70 25 15
26 87 58 72 44
54 20 28 81 61
96 19 78 34 28
31 26 12 15 12
33 84 51 79 6
35 81 61 29 29
69 46 76 95 11
10 31 53 93 20
91 95 100 58 83
61 45 48 64 100
38 60 75 59 30
20 34 30 21 6
67 69 41 89 71
69 30 17 43 35
100 65 47 65 51
83 64 60 10 60
4 50 4 40 83
77 23 16 76 1
77 9 57 71 53
86 91 85 98 95
41 76 34 41 78
71 57 83 9 62
27 28 29 29 19
81 97 79 66 49
65 8 24 32 78
46 97 99 59 88
94 85 44 16 69
78 87 33 98 86
61 56 44 35 82
85 12 83 44 68
11 28 9 92 6
33 39 66 81 42
3 61 68 10 93
56 66 56 19 44
51 87 24 96 97
31 80 14 81 45
13 41 90 77 19
100 98 13 3 31
33 84 28 60 99
64 88 55 33 81
90 75 22 56 55
61 66 82 78 50
19 41 15 24 20
43 84 60 10 72
59 70 89 31 78
77 31 39 16 69
59 40 59 10 52
59 6 64 51 90
9 27 91 77 83
3 95 24 99 80
13 82 18 38 73
5 68 85 8 59
25 19 82 76 58
46 82 37 84 39
96 37 44 23 87
66 12 94 64 6
1 77 47 82 81
88 57 87 27 99
74 87 20 48 23
82 92 54 82 98
18 85 1 27 28
58 69 52 83 39
56 94 34 78 84
18 44 99 61 4
18 16 5 88 29
96 87 42 77 54
58 22 63 63 6
54 81 66 59 54
4 44 81 12 45
60 28 36 54 11
54 10 82 71 73
67 71 68 93 24
24 7 31 24 1
95 76 92 62 25
51 94 38 9 1
71 26 37 48 21
20 92 54 75 67
84 86 25 55 91
72 47 18 88 82
22 65 28 17 75
42 27 10 26 33
24 91 5 10 12
10 56 41 75 94
20 92 83 84 73
81 65 78 61 71
49 67 6 17 42
55 49 54 2 25
79 54 83 75 28
37 54 51 3 38
83 59 25 85 9
4 90 72 23 10
40 34 55 67 65
73 10 64 51 21
100 16 13 53 33
92 13 18 85 4
84 58 36 12 18
83 45 48 87 44
32 47 49 55 13
82 26 76 99 34
40 97 76 92 64
94 55 100 16 6
36 99 96 70 19
68 83 30 55 54
85 34 28 55 84
27 11 8 91 90
69 35 90 45 99
77 99 97 88 38
49 96 83 33 39
70 3 57 87 73
80 88 36 74 83
45 64 14 13 45
58 73 13 25 99
33 84 71 92 63
100 58 39 57 79
39 49 73 96 90
87 5 75 20 32
15 94 81 31 87
96 53 65 35 81
3 80 42 55 42
17 64 87 96 71
97 91 76 98 23
62 94 27 90 100
12 32 34 56 71
75 59 15 28 18
16 88 89 37 24
48 67 87 86 74
72 50 99 27 7
93 86 62 47 35
67 68 98 2 66
26 44 77 81 3
98 94 77 7 51
26 2 80 92 50
79 80 86 62 52
43 90 48 51 19
8 59 48 30 9
40 36 83 6 37
50 34 88 40 70
8 73 55 77 74
98 57 8 86 55
51 55 40 20 9
33 50 17 66 54
18 41 83 28 75
82 6 98 34 56
74 2 22 19 83
88 2 29 98 71
66 9 79 77 62
85 28 2 98 98
14 45 76 54 71
45 6 12 58 100
3 59 78 73 42
5 27 52 81 66
95 52 59 97 96
65 31 77 27 86
71 23 9 56 25
76 11 51 45 85
83 73 83 90 13
77 86 59 55 89
70 51 77 27 62
84 36 4 49 52
97 38 69 81 12
28 32 35 53 3
87 79 94 94 100
67 67 91 72 29
55 94 9 26 8
27 69 12 21 21
59 98 97 70 89
6 2 76 42 55
75 77 24 60 91
57 22 80 40 90
44 44 67 4 79
66 88 44 67 11
59 49 22 35 92
45 22 87 85 25
42 28 66 8 73
50 90 6 27 48
59 68 5 78 50
94 11 78 88 91
72 91 80 64 36
83 82 56 20 25
43 39 100 42 46
25 49 95 95 93
73 90 29 9 87
24 53 48 9 36
13 40 96 10 94
45 83 58 3 50
64 70 85 53 28
21 7 8 24 94
65 2 64 24 23
26 54 27 76 28
26 11 75 86 44
11 7 17 23 81
62 100 61 88 71
47 83 54 76 100
39 63 77 62 78
33 79 87 27 41
39 28 89 7 54
82 84 50 37 7
54 66 37 69 15
93 81 74 100 91
19 29 20 33 95
37 9 33 9 47
89 40 14 56 74
60 98 71 10 67
25 88 62 94 38
78 59 51 47 26
59 53 70 88 98
18 3 2 60 72
95 91 88 79 28
25 65 6 27 54
12 82 30 35 71
82 82 3 16 41
88 2 85 25 34
53 90 49 36 5
12 30 55 90 28
61 27 55 27 77
28 54 9 67 34
91 83 71 89 71
10 90 45 11 13
57 82 95 46 70
88 68 91 19 75
41 14 8 9 41
35 9 30 88 46
74 3 46 16 50
46 62 22 12 42
1 23 31 28 75
77 41 97 52 4
19 45 99 74 55
27 83 74 66 25
28 65 71 22 65
30 37 47 55 63
98 27 27 44 98
18 76 56 39 64
96 96 6 25 73
66 18 20 27 10
12 81 37 37 10
99 2 27 95 18
48 5 24 96 17
75 2 34 7 45
22 69 74 65 89
81 35 76 65 46
19 85 11 97 68
23 23 26 3 61
69 92 99 80 74
100 44 68 22 30
100 10 63 48 70
82 78 76 40 19
44 83 51 55 60
47 32 49 94 83
21 91 59 37 40
53 8 13 16 47
40 94 46 39 54
56 45 95 78 49
41 4 87 97 20
83 17 37 30 70
52 65 55 58 64
56 90 11 30 25
52 53 31 88 89
82 68 70 31 37
66 37 77 33 6
38 97 81 80 44
89 66 43 61 71
77 36 59 71 7
16 81 77 1 71
6 71 53 23 19
99 11 76 16 45
8 33 42 95 69
71 84 26 82 65
75 13 12 47 88
44 51 55 44 22
84 4 82 49 92
57 48 30 69 82
33 68 53 77 3
34 84 16 73 45
21 60 99 98 3
33 24 56 22 13
32 96 77 71 50
78 33 56 28 11
8 19 70 91 91
100 63 73 68 6
30 13 83 90 77
50 35 99 83 83
17 11 83 11 28
10 15 31 42 54
14 3 67 90 77
18 38 76 88 13
12 64 48 14 97
30 72 36 71 11
21 59 70 50 18
22 33 26 52 79
43 2 77 9 2
29 44 40 70 31
24 29 17 44 52
98 50 3 37 24
88 38 26 1 4
76 17 57 33 27
7 44 54 31 14
38 73 3 28 9
26 7 24 2 21
33 71 98 58 19
77 100 36 45 57
60 39 91 8 17
47 14 26 38 57
91 5 6 57 12
92 34 15 58 3
56 35 19 40 9
69 33 13 77 81
30 79 38 92 73
75 14 35 89 62
70 63 45 50 4
9 52 31 47 55
90 79 86 44 54
26 13 88 49 24
22 39 27 38 27
69 20 85 63 42
54 35 68 41 5
37 97 58 87 80
3 8 90 98 28
31 26 36 26 18
55 73 33 76 62
56 80 13 11 95
89 19 43 69 51
90 67 37 56 15
81 44 14 91 29
45 63 56 35 11
25 88 19 75 86
78 65 87 5 17
38 81 24 62 90
92 96 38 75 11
26 68 62 63 23
20 57 56 75 55
13 31 22 89 29
35 30 17 98 56
69 47 13 7 71
16 58 99 6 5
21 39 94 81 22
13 18 65 45 51
55 77 4 44 20
5 49 41 57 11
87 76 61 54 60
85 78 32 10 23
70 44 14 53 89
35 90 42 20 100
73 74 4 81 21
34 23 52 32 37
30 30 91 27 28
91 55 18 98 10
12 36 40 30 12
73 42 49 88 65
6 20 41 84 29
71 74 24 29 7
40 50 18 39 34
29 25 37 36 28
91 26 23 78 87
3 20 70 30 91
9 68 40 18 97
30 43 64 44 3
52 69 90 66 36
61 40 34 98 28
93 89 92 69 39
89 8 100 63 38
1 6 42 9 81
80 65 48 42 51
40 67 36 74 11
15 1 97 65 1
80 68 32 62 42
39 52 16 58 80
75 19 78 85 41
45 10 24 78 90
33 40 37 80 14
47 81 22 9 37
97 24 33 86 71
94 24 78 54 8
13 36 46 82 58
60 64 71 31 58
42 32 41 80 10
42 41 75 30 63
23 37 24 65 23
73 99 55 95 76
69 17 11 18 42
74 44 48 26 89
6 21 42 33 69
98 1 56 34 42
64 62 87 2 30
61 7 13 46 95
19 68 22 99 78
8 85 37 49 36
82 97 90 13 71
42 65 2 81 64
97 25 81 70 14
75 67 11 68 23
33 23 99 66 67
78 94 45 38 25
24 28 50 36 57
26 35 23 91 9
21 40 57 63 52
20 96 16 88 93
11 74 93 31 79
59 57 82 4 2
84 70 62 55 45
14 76 53 28 32
77 82 95 33 67
56 1 100 92 62
39 13 31 6 73
35 48 82 17 10
3 42 89 48 63
58 51 7 38 8
20 41 27 29 38
22 38 1 67 50
75 92 6 85 50
16 36 99 62 83
61 95 49 57 100
61 34 91 16 31
60 6 1 41 58
66 50 65 71 52
40 30 57 34 99
59 44 31 64 42
24 51 42 9 51
36 13 97 56 52
52 69 45 52 10
14 22 26 67 80
22 96 23 87 85
57 68 51 14 3
84 37 7 25 13
60 47 25 72 78
16 34 7 42 26
48 63 58 46 84
21 60 74 78 68
55 87 76 55 55
20 17 39 44 91
81 21 55 33 70
73 14 79 76 57
74 54 25 31 58
98 25 12 69 31
8 12 20 96 87
74 57 77 48 59
75 66 84 13 12
57 11 24 35 80
59 82 25 10 40
64 54 56 16 37
3 26 85 37 87
52 27 100 91 58
36 51 94 63 33
71 77 61 11 18
58 96 77 23 91
94 80 97 69 2
29 26 66 43 41
44 16 2 11 9
51 94 49 39 20
48 44 42 39 80
34 93 82 79 36
54 39 65 57 78
84 74 88 98 93
61 37 81 86 67
35 8 6 74 80
63 59 2 78 38
86 68 100 42 33
52 88 84 39 39
83 3 96 23 26
12 61 49 24 13
63 42 40 39 27
74 20 79 33 40
73 67 45 38 30
70 17 15 59 86
29 26 27 57 55
34 18 64 46 30
18 18 65 64 72
73 24 97 86 60
55 23 12 41 46
29 35 63 31 41
23 98 86 87 20
30 65 6 20 90
64 89 96 94 97
8 66 82 71 3
24 24 20 83 88
68 19 1 87 27
23 10 32 58 53
45 59 3 52 23
33 80 63 66 61
51 51 91 59 39
17 77 76 8 50
90 75 56 69 76
59 44 93 9 48
69 16 46 94 4
27 44 100 28 98
92 13 83 70 73
69 42 78 91 78
97 11 94 56 45
32 60 10 52 64
99 13 66 25 58
11 74 17 6 45
21 27 20 81 64
88 17 27 28 74
44 24 89 96 16
59 40 84 53 68
66 10 16 10 19
33 10 22 71 75
80 36 47 40 29
52 88 87 28 9
97 96 93 76 38
13 49 93 79 68
48 18 85 25 3
40 59 68 86 29
5 37 51 86 93
70 64 78 86 72
21 32 18 70 82
86 38 94 31 9
99 69 25 75 59
22 76 10 86 90
25 70 94 58 7
18 81 80 28 4
70 67 49 63 53
58 82 100 39 87
38 35 37 36 23
15 51 69 24 40
64 63 60 73 48
16 11 1 94 76
94 69 56 48 71
10 68 25 53 64
36 27 17 80 91
55 70 74 73 85
15 95 25 54 82
60 86 73 99 50
84 28 29 41 72
78 24 26 57 43
80 82 8 39 29
31 31 18 20 85
53 12 84 49 29
100 36 17 44 78
52 53 36 46 66
84 54 43 16 78
86 47 7 84 49
31 38 16 56 87
50 43 3 8 12
60 40 77 93 23
74 99 86 50 28
7 93 23 22 77
62 42 45 83 29
100 70 99 46 48
97 56 63 37 47
86 18 60 50 93
82 23 43 60 60
22 9 94 57 9
40 69 87 7 32
93 7 17 63 23
4 10 84 26 81
13 97 14 63 92
20 28 87 48 37
1 75 28 27 26
27 91 28 62 54
72 2 26 84 20
68 6 30 70 48
1 20 53 42 75
15 12 40 65 83
66 19 85 2 5
95 90 98 75 83
54 67 49 15 34
1 52 41 38 17
37 49 53 21 61
20 43 13 20 4
25 39 33 6 25
58 35 55 44 55
67 19 91 40 26
27 37 85 21 90
57 32 97 15 26
48 40 57 76 41
29 30 97 42 6
92 89 31 12 21
82 41 99 65 43
91 70 94 76 90
27 35 92 20 21
74 31 20 82 87
87 89 94 44 38
9 64 90 1 48
44 31 68 21 29
70 64 44 66 4
62 57 35 13 90
28 82 82 18 50
15 31 40 86 83
32 79 11 20 96
65 13 9 63 36
19 79 93 62 4
65 77 78 20 100
10 53 13 38 99
5 5 56 94 19
3 9 48 19 77
44 87 8 36 41
55 57 50 33 9
67 43 4 33 35
3 42 27 67 70
56 13 13 46 83
91 64 85 31 11
25 59 2 21 79
66 75 49 70 82
65 80 25 8 95
25 8 89 42 17
5 40 80 48 69
56 43 21 30 51
17 36 2 68 22
8 79 30 32 16
52 48 85 13 6
24 98 35 36 15
7 42 63 67 3
25 67 8 33 38
30 59 47 77 26
4 26 70 57 26
39 60 51 32 24
63 60 18 14 12
94 12 41 20 85
2 24 30 37 70
55 37 60 9 14
81 73 60 100 49
24 58 72 49 47
10 79 72 64 63
26 73 95 65 77
81 71 38 92 49
48 93 100 98 72
11 21 96 26 84
56 63 70 75 48
87 59 16 5 95
77 34 26 64 23
54 38 71 8 10
61 32 4 57 89
17 33 42 17 70
35 48 32 54 9
97 97 74 12 9
54 100 13 84 51
67 62 78 48 85
1 23 37 33 13
68 5 42 37 92
61 47 86 82 98
73 67 51 38 10
99 71 6 43 38
37 16 24 68 30
88 35 42 28 99
30 19 83 56 97
58 25 89 7 4
41 49 88 81 5
32 59 78 38 70
56 5 28 81 49
32 93 68 81 11
78 8 9 65 89
82 58 25 77 53
95 17 35 46 51
71 69 1 21 49
44 45 60 54 93
87 85 51 72 63
63 72 37 99 81
72 92 84 53 22
23 14 49 53 100
40 94 68 92 12
25 82 6 32 85
77 17 80 40 21
98 2 41 44 8
88 26 92 60 89
23 85 15 75 82
11 61 11 1 17
65 53 33 79 71
21 80 54 20 91
21 46 92 51 87
33 68 68 23 81
14 54 54 69 78
88 67 96 70 35
36 19 18 25 74
18 4 66 9 16
62 57 70 62 1
97 57 61 68 78
81 31 70 93 87
16 12 14 42 12
98 85 11 88 23
3 41 73 100 83
21 48 81 64 58
77 58 93 23 73
33 98 14 5 95
24 79 88 20 60
81 71 10 56 90
28 25 43 92 93
41 47 10 90 52
39 25 34 91 49
37 68 62 92 28
68 22 51 28 66
19 78 86 49 62
45 85 1 12 78
51 71 99 79 86
66 93 59 8 14
83 43 4 96 64
33 30 24 98 8
24 85 60 97 63
30 32 70 89 14
75 87 51 99 7
32 92 20 78 6
741 5 543 8 474
4 982 4 961 9
336 1 966 6 940
2 347 6 523 9
844 3 215 8 469
952 953 958 957 968
5 910 6 283 7
207 221 218 224 229
925 933 935 936 945
8 994 4 269 3
