156146
62662
122930
47
2208
61
7324
268128
263856
835127
19
221340
793018
155859
397158
86935
199235
298320
563385
541715
8166
852899
878533
683431
355419
584223
28
860519
474048
1104
932414
480147
14
152339
776436
197
1537
545406
120284
847046
7385
55604
808385
296227
827539
7647
207386
948816
977425
424224
969263
165256
611082
655751
790830
680767
846774
742
31331
509029
147640
936626
7909
468691
93993
307673
872595
509385
938421
183186
34285
694280
573079
75
300812
326702
3684
43890
407778
174680
89406
4788
537405
925993
156945
793682
2580
293380
602185
380300
541512
557764
565948
596909
122995
419397
469757
129106
34348
70291
