1000 1
999 1
998 1
997 1
996 1
995 1
994 1
993 1
992 1
991 1
990 1
989 1
988 1
987 1
986 1
985 1
984 1
983 1
982 1
981 1
980 1
979 1
978 1
977 1
976 1
975 1
974 1
973 1
972 1
971 1
970 1
969 1
968 1
967 1
966 1
965 1
964 1
963 1
962 1
961 1
960 1
959 1
958 1
957 1
956 1
955 1
954 1
953 1
952 1
951 1
950 1
949 1
948 1
947 1
946 1
945 1
944 1
943 1
942 1
941 1
940 1
939 1
938 1
937 1
936 1
935 1
934 1
933 1
932 1
931 1
930 1
929 1
928 1
927 1
926 1
925 1
924 1
923 1
922 1
921 1
920 1
919 1
918 1
917 1
916 1
915 1
914 1
913 1
912 1
911 1
910 1
909 1
908 1
907 1
906 1
905 1
904 1
903 1
902 1
901 1
900 1
899 1
898 1
897 1
896 1
895 1
894 1
893 1
892 1
891 1
890 1
889 1
888 1
887 1
886 1
885 1
884 1
883 1
882 1
881 1
880 1
879 1
878 1
877 1
876 1
875 1
874 1
873 1
872 1
871 1
870 1
869 1
868 1
867 1
866 1
865 1
864 1
863 1
862 1
861 1
860 1
859 1
858 1
857 1
856 1
855 1
854 1
853 1
852 1
851 1
850 1
849 1
848 1
847 1
846 1
845 1
845 2
844 2
843 2
842 2
841 2
840 2
839 2
838 2
837 2
836 2
835 2
834 2
833 2
832 2
831 2
830 2
829 2
828 2
827 2
826 2
825 2
824 2
823 2
822 2
821 2
820 2
819 2
818 2
817 2
816 2
815 2
814 2
813 2
812 2
811 2
810 2
809 2
808 2
807 2
806 2
805 2
804 2
803 2
802 2
801 2
800 2
799 2
798 2
797 2
796 2
795 2
794 2
793 2
792 2
791 2
790 2
789 2
788 2
787 2
786 2
785 2
784 2
783 2
782 2
781 2
780 2
779 2
778 2
777 2
776 2
775 2
774 2
773 2
772 2
771 2
770 2
769 2
768 2
767 2
766 2
765 2
764 2
763 2
762 2
761 2
760 2
759 2
758 2
757 2
756 2
755 2
754 2
753 2
752 2
751 2
750 2
749 2
748 2
747 2
746 2
745 2
744 2
743 2
742 2
741 2
740 2
739 2
738 2
737 2
736 2
735 2
734 2
733 2
732 2
731 2
730 2
729 2
728 2
727 2
726 2
725 2
724 2
723 2
722 2
721 2
720 2
719 2
718 2
717 2
716 2
715 2
714 2
713 2
712 2
711 2
710 2
709 2
708 2
707 2
706 2
705 2
704 2
703 2
702 2
701 2
700 2
699 2
698 2
697 2
696 2
695 2
694 2
693 2
692 2
691 2
690 2
689 2
688 2
687 2
686 2
685 2
684 2
683 2
682 2
681 2
680 2
679 2
678 2
677 2
676 2
675 2
674 2
673 2
672 2
671 2
670 2
669 2
668 2
667 2
666 2
665 2
664 2
663 2
662 2
661 2
660 2
659 2
658 2
657 2
656 2
655 2
654 2
653 2
652 2
651 2
650 2
649 2
648 2
647 2
646 2
645 2
644 2
643 2
642 2
641 2
640 2
639 2
638 2
637 2
636 2
635 2
634 2
633 2
632 2
631 2
630 2
629 2
628 2
627 2
626 2
625 2
624 2
623 2
622 2
621 2
620 2
619 2
618 2
617 2
616 2
615 2
614 2
613 2
612 2
611 2
610 2
609 2
608 2
607 2
606 2
605 2
604 2
603 2
602 2
601 2
600 2
599 2
598 2
597 2
596 2
595 2
594 2
593 2
592 2
591 2
590 2
589 2
588 2
587 2
586 2
585 2
584 2
583 2
582 2
581 2
580 2
579 2
578 2
577 2
576 2
575 2
574 2
573 2
572 2
571 2
570 2
569 2
568 2
567 2
566 2
565 2
564 2
563 2
562 2
561 2
560 2
559 2
558 2
557 2
556 2
555 2
554 2
553 2
552 2
551 2
550 2
549 2
548 2
547 2
546 2
545 2
544 2
543 2
542 2
541 2
540 2
539 2
538 2
537 2
536 2
535 2
534 2
533 2
532 2
531 2
530 2
529 2
528 2
527 2
526 2
525 2
524 2
523 2
522 2
521 2
520 2
519 2
518 2
517 2
516 2
515 2
514 2
513 2
512 2
511 2
510 2
509 2
508 2
507 2
506 2
505 2
504 2
503 2
502 2
501 2
500 2
499 2
498 2
497 2
496 2
495 2
494 2
493 2
492 2
491 2
490 2
489 2
488 2
487 2
486 2
485 2
484 2
483 2
482 2
481 2
480 2
479 2
478 2
477 2
476 2
475 2
474 2
473 2
472 2
471 2
470 2
469 2
468 2
467 2
466 2
465 2
464 2
463 2
462 2
461 2
460 2
459 2
458 2
457 2
456 2
455 2
454 2
453 2
452 2
451 2
450 2
449 2
448 2
447 2
446 2
445 2
444 2
443 2
442 2
441 2
440 2
439 2
438 2
437 2
436 2
435 2
434 2
433 2
432 2
431 2
430 2
429 2
428 2
427 2
426 2
425 2
424 2
424 3
423 3
422 3
421 3
420 3
419 3
418 3
417 3
416 3
415 3
414 3
413 3
412 3
411 3
410 3
409 3
408 3
407 3
406 3
405 3
404 3
403 3
402 3
401 3
400 3
399 3
398 3
397 3
396 3
395 3
394 3
393 3
392 3
391 3
390 3
389 3
388 3
387 3
386 3
385 3
384 3
383 3
382 3
381 3
380 3
379 3
378 3
377 3
376 3
375 3
374 3
373 3
372 3
371 3
370 3
369 3
368 3
367 3
366 3
365 3
364 3
363 3
362 3
361 3
360 3
359 3
358 3
357 3
356 3
355 3
354 3
353 3
352 3
351 3
350 3
349 3
348 3
347 3
346 3
345 3
344 3
343 3
342 3
341 3
340 3
339 3
338 3
337 3
336 3
335 3
334 3
333 3
332 3
331 3
330 3
329 3
328 3
327 3
326 3
325 3
324 3
323 3
322 3
321 3
320 3
319 3
318 3
317 3
316 3
315 3
314 3
313 3
312 3
311 3
310 3
309 3
308 3
307 3
306 3
305 3
304 3
303 3
302 3
301 3
300 3
299 3
298 3
297 3
296 3
295 3
294 3
293 3
292 3
291 3
290 3
289 3
288 3
287 3
286 3
285 3
284 3
283 3
282 3
281 3
280 3
279 3
278 3
277 3
276 3
275 3
274 3
273 3
272 3
271 3
270 3
269 3
268 3
267 3
266 3
265 3
264 3
263 3
262 3
261 3
260 3
259 3
258 3
257 3
256 3
255 3
254 3
253 3
252 3
251 3
250 3
249 3
248 3
247 3
246 3
245 3
244 3
243 3
242 3
241 3
240 3
239 3
238 3
237 3
236 3
235 3
234 3
233 3
232 3
231 3
230 3
229 3
228 3
227 3
226 3
225 3
224 3
223 3
222 3
221 3
220 3
219 3
218 3
217 3
216 3
215 3
214 3
213 3
212 3
211 3
210 3
209 3
208 3
207 3
206 3
205 3
204 3
203 3
202 3
201 3
200 3
199 3
198 3
197 3
196 3
195 3
194 3
193 3
192 3
191 3
190 3
189 3
188 3
187 3
186 3
185 3
184 3
183 3
182 3
181 3
180 3
179 3
178 3
177 3
176 3
175 3
174 3
173 3
172 3
171 3
171 4
170 4
169 4
168 4
167 4
166 4
165 4
164 4
163 4
162 4
161 4
160 4
159 4
158 4
157 4
156 4
155 4
154 4
153 4
152 4
151 4
150 4
149 4
148 4
147 4
146 4
145 4
144 4
143 4
142 4
141 4
140 4
139 4
138 4
137 4
136 4
135 4
134 4
133 4
132 4
131 4
130 4
129 4
128 4
127 4
126 4
125 4
124 4
123 4
122 4
121 4
120 4
119 4
118 4
117 4
116 4
115 4
114 4
113 4
112 4
111 4
110 4
110 5
109 5
108 5
107 5
106 5
105 5
104 5
103 5
102 5
101 5
100 5
99 5
98 5
97 5
96 5
95 5
94 5
93 5
92 5
91 5
90 5
89 5
88 5
87 5
86 5
85 5
84 5
83 5
82 5
81 5
80 5
79 5
78 5
77 5
76 5
75 5
74 5
73 5
72 5
71 5
70 5
69 5
68 5
67 5
66 5
65 5
64 5
63 5
62 5
61 5
60 5
59 5
58 5
57 5
56 5
55 5
54 5
53 5
52 5
51 5
50 5
49 5
48 5
47 5
46 5
45 5
44 5
43 5
42 5
41 5
40 5
39 5
38 5
37 5
36 5
35 5
34 5
33 5
32 5
31 5
30 5
29 5
28 5
27 5
26 5
25 5
24 5
23 5
22 5
21 5
20 5
19 5
18 5
17 5
16 5
15 5
14 5
13 5
12 5
11 5
10 5
9 5
8 5
7 5
6 5
5 5
4 5
3 5
2 5
1 5
51677
