2075 
1113 
1962 
3389 
2032 
1889 
4102 
3941 
2890 
3196 
1543 
3957 
4216 
2874 
4019 
2511 
1389 
2600 
2780 
2790 
2513 
2639 
2565 
4926 
2923 
3394 
2821 
3940 
4386 
3050 
1069 
2336 
502 
827 
3618 
3999 
3274 
3608 
3799 
4782 
2068 
4193 
2719 
3035 
2028 
3956 
1401 
1229 
544 
3627 
4905 
3033 
3927 
4219 
2848 
2359 
4610 
1283 
4045 
4137 
1106 
2040 
3539 
2755 
2260 
2170 
1567 
3256 
1927 
4246 
4479 
2587 
2531 
2212 
2079 
4498 
3891 
3643 
4635 
3010 
670 
864 
4851 
4528 
3065 
1670 
628 
1984 
3648 
4108 
3738 
2452 
657 
2936 
2622 
3518 
4555 
4988 
4912 
730 
3582 
3773 
3780 
2872 
3072 
2000 
4409 
2551 
4237 
4678 
4700 
3063 
3402 
4240 
4100 
742 
1613 
917 
3747 
2164 
3418 
1435 
2193 
3389 
2199 
1450 
2385 
3370 
3169 
3271 
2547 
4508 
4471 
1842 
3266 
4373 
2438 
2408 
1840 
4813 
3370 
2338 
3386 
3947 
4877 
3619 
1454 
2675 
663 
847 
3624 
2032 
1467 
3605 
3822 
2095 
3603 
1814 
1413 
982 
1593 
3425 
605 
3623 
3990 
826 
4605 
1414 
1487 
3641 
1098 
1440 
4612 
2292 
3420 
3662 
588 
3470 
4513 
3651 
4430 
791 
1054 
3550 
628 
1081 
3580 
1194 
2961 
2539 
3530 
1632 
4035 
4347 
1169 
2493 
3182 
1093 
2390 
4954 
1132 
3239 
734 
739 
834 
3571 
4784 
681 
4490 
2447 
4072 
1977 
3522 
4859 
3091 
2681 
1443 
2013 
1758 
1457 
1662 
4806 
895 
3828 
1327 
3327 
1109 
3740 
946 
2276 
2395 
1042 
4355 
3238 
4846 
1598 
2881 
1997 
4670 
3040 
613 
2444 
1124 
4083 
4649 
2585 
3829 
4234 
4384 
1231 
990 
1444 
1450 
2192 
4375 
884 
3858 
4083 
4286 
4675 
1218 
3358 
2887 
4504 
2000 
2682 
3265 
2221 
4135 
568 
1923 
2710 
3298 
2945 
2983 
4566 
2485 
4419 
1203 
3476 
4030 
4071 
4499 
3697 
4227 
4117 
2063 
2489 
3605 
4667 
3838 
854 
3745 
3204 
2150 
3959 
4982 
654 
3294 
3848 
827 
4565 
4609 
2285 
4112 
2411 
4618 
2244 
3323 
3774 
4706 
3238 
2157 
1999 
2745 
4839 
2166 
2360 
2573 
2026 
4580 
2245 
2885 
3627 
3310 
4509 
4898 
3374 
4823 
509 
4448 
2850 
3799 
2164 
2679 
1589 
2447 
3071 
840 
2086 
4210 
4286 
4529 
1645 
895 
605 
1868 
4698 
2043 
3880 
4366 
1730 
1467 
1164 
3757 
546 
2943 
4203 
4308 
3825 
3980 
3916 
4704 
2442 
1590 
2546 
2256 
562 
3674 
2949 
1537 
4503 
4457 
4771 
4909 
4212 
1807 
619 
2900 
1483 
594 
4704 
626 
2886 
688 
2551 
2661 
2214 
2192 
4167 
2409 
2363 
552 
1628 
2378 
2111 
3769 
1671 
3324 
2129 
1207 
4945 
836 
1906 
616 
4123 
2564 
2191 
1893 
3945 
4130 
1699 
4216 
3053 
3268 
522 
2349 
4351 
4541 
2865 
3387 
2982 
3623 
2123 
3676 
747 
1983 
2103 
922 
2127 
2955 
4155 
1126 
3599 
950 
523 
2110 
1344 
1634 
1065 
3586 
4176 
1446 
759 
1956 
559 
2660 
3620 
3762 
1630 
2013 
1480 
3218 
1841 
2337 
2182 
3512 
2423 
2482 
3759 
1080 
2341 
1545 
4814 
3905 
2307 
2091 
3938 
2321 
1414 
545 
2309 
2559 
2294 
3766 
3157 
4847 
4025 
1055 
4280 
3901 
3387 
4375 
2435 
3383 
2040 
749 
1949 
4932 
2154 
1711 
1327 
2445 
800 
1972 
3617 
3159 
615 
3565 
4657 
4334 
3298 
3989 
3345 
693 
4813 
1272 
1066 
3980 
3070 
3555 
699 
2573 
2617 
3894 
1081 
4339 
1868 
3156 
3366 
1743 
3716 
4827 
4298 
2102 
1957 
1686 
2759 
2232 
1604 
1565 
4353 
1640 
2366 
2298 
636 
515 
1101 
3612 
2690 
527 
3454 
1421 
2348 
3871 
2856 
3696 
3654 
2701 
2656 
3179 
1711 
4858 
3546 
3890 
1040 
3832 
2673 
4768 
4810 
2633 
4551 
1991 
3313 
3697 
4732 
4152 
1579 
1952 
2702 
4618 
3676 
2129 
3497 
4233 
3417 
4459 
3387 
1327 
4580 
4616 
1626 
3487 
2613 
3332 
1026 
2636 
846 
3374 
2190 
2132 
3919 
2868 
2867 
3740 
2824 
2194 
796 
3740 
1110 
3567 
503 
4746 
668 
2656 
1215 
3681 
2676 
3711 
4052 
965 
1132 
2218 
3874 
867 
1175 
2388 
2531 
4333 
942 
3488 
2972 
3282 
3184 
1349 
1861 
807 
2473 
1311 
3979 
4817 
4209 
800 
522 
1732 
2359 
4140 
1442 
2871 
845 
1379 
2942 
2189 
4775 
4993 
2398 
4453 
4550 
2025 
2934 
560 
2133 
802 
3028 
1520 
4242 
2282 
2172 
1837 
2283 
4986 
3064 
2341 
1581 
3026 
864 
2186 
3443 
4093 
4278 
4908 
4155 
3678 
1217 
931 
3670 
924 
1772 
2376 
3638 
542 
1537 
1559 
4744 
2493 
898 
3888 
3538 
1215 
4428 
1018 
1414 
2663 
4373 
4314 
869 
3472 
3829 
3927 
519 
1266 
4457 
1759 
3393 
1109 
1739 
1644 
1197 
2592 
1515 
1856 
3368 
4988 
766 
4999 
4407 
4012 
3279 
3454 
2532 
4921 
2532 
3940 
1679 
4942 
4565 
1455 
3315 
1683 
4687 
4183 
3397 
4711 
840 
2636 
4926 
569 
2094 
4296 
3426 
4098 
4370 
2276 
2032 
1192 
617 
1778 
3764 
3090 
919 
4079 
1044 
3179 
4049 
3720 
2977 
1492 
2674 
593 
1358 
2250 
2388 
2027 
2057 
3190 
611 
1076 
2344 
2705 
899 
4799 
1961 
2859 
3187 
643 
2939 
2990 
4317 
4609 
4672 
2743 
4109 
972 
4117 
4829 
3007 
4666 
3789 
1779 
4090 
1811 
1307 
3895 
2416 
3641 
2574 
2142 
547 
2486 
4736 
786 
993 
1504 
2527 
3848 
2393 
936 
1055 
1032 
2468 
4509 
3602 
1830 
1364 
4265 
2149 
2466 
3184 
557 
4096 
3405 
4896 
2609 
3594 
4234 
2910 
3979 
2298 
1084 
3842 
3781 
4041 
4493 
931 
3177 
2742 
1027 
2708 
2909 
3139 
2332 
789 
4779 
976 
3459 
2131 
3558 
4606 
1833 
1381 
4521 
3407 
980 
4360 
3851 
2077 
4009 
1223 
1124 
3612 
4588 
508 
4531 
790 
4569 
585 
2421 
3033 
1594 
4993 
4729 
2507 
2311 
4325 
4566 
2652 
4678 
4007 
4057 
3455 
1460 
3580 
3210 
2235 
1033 
3471 
1782 
1235 
818 
3855 
4637 
1325 
1629 
2769 
4988 
1254 
3764 
1462 
4462 
2933 
3126 
3671 
2451 
3421 
4353 
1984 
1711 
4133 
1405 
4897 
1090 
1071 
2746 
4220 
516 
4102 
2102 
4140 
3395 
2634 
2371 
1955 
2979 
1848 
4151 
1129 
4261 
1360 
3434 
4221 
1983 
4087 
3778 
4638 
804 
4136 
1953 
704 
4366 
2441 
3465 
3227 
1559 
4744 
2668 
3528 
4673 
1574 
4679 
873 
4633 
3636 
1150 
4143 
3182 
3083 
4538 
2144 
4264 
1900 
1227 
2046 
1321 
887 
3915 
3196 
2732 
1883 
2200 
1853 
909 
4314 
3386 
1314 
3319 
2490 
1648 
3970 
539 
4791 
1026 
3981 
2619 
3861 
3263 
4259 
3815 
3948 
3329 
1656 
4017 
2601 
2172 
4173 
3207 
2027 
1025 
4822 
2257 
4919 
